2 0.581349 0.377444 0.085317 0.104050
2 0.657738 0.383380 0.088294 0.113128
22 0.795387 0.379539 0.071925 0.179469
2 0.310516 0.768156 0.084325 0.107542
2 0.344494 0.748254 0.086806 0.109637
2 0.448165 0.771648 0.081845 0.099162
2 0.826637 0.603701 0.083829 0.105447
2 0.937004 0.725908 0.086310 0.105447
2 0.907738 0.739525 0.073413 0.089385
2 0.860367 0.525838 0.075893 0.100559
2 0.899058 0.558310 0.072917 0.101257
2 0.935516 0.573673 0.085317 0.111034
19 0.107391 0.541550 0.036210 0.066341
16 0.649554 0.176676 0.056052 0.103352
16 0.859623 0.762570 0.050595 0.118715
19 0.828621 0.761173 0.033234 0.061453
18 0.902530 0.761872 0.031250 0.065642
23 0.483631 0.447975 0.037698 0.111034
24 0.379216 0.319832 0.073909 0.136872
24 0.444196 0.367668 0.073909 0.123603
25 0.351438 0.454609 0.117560 0.107542
