16 0.248269 0.322230 0.053412 0.100281
16 0.890208 0.841515 0.057369 0.106592
19 0.964639 0.858696 0.026212 0.053997
18 0.334322 0.276999 0.031652 0.050491
19 0.313551 0.342567 0.026706 0.041374
2 0.724777 0.384292 0.083581 0.098177
2 0.688675 0.606942 0.081602 0.103086
2 0.793027 0.580996 0.082591 0.094670
2 0.759644 0.508766 0.089021 0.107293
2 0.757171 0.308906 0.078140 0.103086
2 0.240851 0.045933 0.085064 0.089060
2 0.199555 0.205119 0.074679 0.104488
2 0.231701 0.230365 0.072700 0.097475
2 0.313551 0.238780 0.083086 0.105891
2 0.797478 0.721950 0.079624 0.115708
2 0.832344 0.748597 0.079130 0.105891
