12 0.312686 0.193198 0.069376 0.094670
12 0.382557 0.196003 0.065411 0.103086
12 0.621160 0.257714 0.065907 0.103086
13 0.658573 0.311711 0.029732 0.037167
14 0.627602 0.195302 0.034192 0.046985
14 0.693508 0.243338 0.032210 0.043478
14 0.765114 0.340463 0.038652 0.051192
14 0.556987 0.583801 0.036670 0.037167
14 0.489098 0.578892 0.036670 0.049790
14 0.313677 0.656732 0.033697 0.037167
14 0.246531 0.653927 0.038157 0.042777
14 0.174678 0.555049 0.032210 0.037167
14 0.280723 0.825736 0.034192 0.048387
14 0.318137 0.897966 0.036670 0.046985
14 0.424926 0.925316 0.039148 0.041374
31 0.282210 0.557504 0.035183 0.072931
