48 0.302423 0.113986 0.094461 0.134266
51 0.382047 0.113986 0.064787 0.128671
51 0.344708 0.144056 0.058358 0.125874
15 0.653066 0.705594 0.033136 0.064336
15 0.697577 0.309091 0.031157 0.067133
9 0.692631 0.702098 0.029179 0.079720
52 0.483680 0.630769 0.041543 0.131469
51 0.726508 0.309790 0.042532 0.120280
48 0.761622 0.303147 0.085064 0.172727
53 0.290307 0.320979 0.135509 0.262937
53 0.213897 0.106993 0.124135 0.208392
53 0.714886 0.206993 0.128091 0.262937
15 0.696588 0.316084 0.031157 0.058741
