7 0.487624 0.260854 0.037624 0.086134
8 0.350248 0.265056 0.057921 0.168768
9 0.692327 0.815826 0.030198 0.084034
10 0.347277 0.379202 0.031188 0.039916
10 0.378960 0.356092 0.034158 0.038515
12 0.692327 0.310224 0.058911 0.092437
12 0.415347 0.369398 0.062376 0.086134
12 0.728713 0.339286 0.056436 0.094538
12 0.866337 0.438025 0.055446 0.100140
13 0.764109 0.335784 0.032178 0.035714
10 0.832673 0.428221 0.028713 0.034314
10 0.900743 0.428922 0.025248 0.038515
14 0.934653 0.706232 0.034653 0.041317
14 0.831683 0.830182 0.028713 0.032913
14 0.798762 0.856092 0.035149 0.038515
