15 0.106083 0.339261 0.031157 0.057880
15 0.955490 0.120293 0.036597 0.060669
10 0.616963 0.718619 0.033136 0.045328
12 0.658259 0.728382 0.063304 0.094142
12 0.695104 0.702580 0.064787 0.101116
13 0.932740 0.601116 0.031652 0.047420
13 0.967606 0.577755 0.036103 0.036960
14 0.212661 0.677476 0.036597 0.045328
14 0.085559 0.678870 0.050445 0.048117
14 0.281405 0.730126 0.046489 0.043236
14 0.214639 0.823222 0.038576 0.046722
14 0.103610 0.945607 0.047972 0.044630
14 0.934718 0.892259 0.039565 0.050907
14 0.936202 0.949093 0.046489 0.046025
29 0.481701 0.578452 0.053412 0.137378
30 0.544510 0.502441 0.102868 0.193166
