2 0.419960 0.311538 0.091897 0.104196
2 0.310277 0.677972 0.091897 0.105594
2 0.248271 0.582168 0.082510 0.102797
2 0.171196 0.677972 0.085474 0.100000
2 0.177619 0.574476 0.084486 0.109790
2 0.109437 0.623427 0.077569 0.111189
2 0.188735 0.601049 0.077075 0.108392
2 0.794219 0.626573 0.085474 0.114685
2 0.511364 0.818531 0.086957 0.095804
19 0.381670 0.731469 0.029150 0.050350
19 0.621294 0.907692 0.028162 0.054545
19 0.900445 0.711189 0.026186 0.058741
26 0.485178 0.446154 0.081028 0.130070
8 0.630682 0.414685 0.081522 0.141259
