2 0.242063 0.057153 0.095238 0.089060
2 0.755952 0.308906 0.080357 0.105891
2 0.725446 0.388850 0.085813 0.101683
2 0.761409 0.506662 0.083333 0.108696
2 0.687004 0.604839 0.084325 0.101683
2 0.793403 0.585905 0.089782 0.107293
2 0.798859 0.725456 0.072917 0.100281
2 0.833829 0.752805 0.080357 0.094670
16 0.855655 0.813114 0.060516 0.105891
19 0.935516 0.835905 0.030754 0.068724
16 0.232639 0.330645 0.049603 0.097475
19 0.275546 0.369215 0.032242 0.051192
18 0.312500 0.342216 0.033730 0.054698
2 0.312004 0.231066 0.081349 0.107293
2 0.202629 0.208976 0.072917 0.096774
2 0.237103 0.233170 0.079365 0.089060
